1.892 6.00893e-15 0.915838 0.6857
4.99 5.20484e-15 0.937387 0.441
8.088 3.84298e-15 0.948457 0.3127
11.19 2.71468e-15 0.957987 0.238
14.29 1.90415e-15 0.964512 0.1897
17.38 1.35539e-15 0.967689 0.1557
20.48 9.68859e-16 0.972128 0.1313
23.58 6.97726e-16 0.977238 0.1131


1.892 6.00893e-15 9.14992e-16 0.677832
4.99 5.20484e-15 9.36521e-16 0.433132
8.088 3.84298e-15 9.47581e-16 0.304832
11.19 2.71468e-15 9.57101e-16 0.230132
14.29 1.90415e-15 9.6362e-16 0.181832
17.38 1.35539e-15 9.66795e-16 0.147832
20.48 9.68859e-16 9.71229e-16 0.123432
23.58 6.97726e-16 9.76334e-16 0.105232


1.892 6.00893e-15 0.647595 -0.0996982
4.99 5.20484e-15 0.662833 -0.344398
8.088 3.84298e-15 0.67066 -0.472698
11.19 2.71468e-15 0.677399 -0.547398
14.29 1.90415e-15 0.682013 -0.595698
17.38 1.35539e-15 0.684259 -0.629698
20.48 9.68859e-16 0.687398 -0.654098
23.58 6.97726e-16 0.691011 -0.672298


1.892 6.00893e-15 0.915838 0.6857
4.99 5.20484e-15 0.937387 0.441
8.088 3.84298e-15 0.948457 0.3127
11.19 2.71468e-15 0.957987 0.238
14.29 1.90415e-15 0.964512 0.1897
17.38 1.35539e-15 0.967689 0.1557
20.48 9.68859e-16 0.972128 0.1313
23.58 6.97726e-16 0.977238 0.1131


