0 1.32854e-14 9.45934e-15 4.79722e-15 2.46165e-15
0.161107 1.1574e-14 8.76901e-15 4.53524e-15 2.34895e-15
0.322215 9.47162e-15 7.68788e-15 4.06003e-15 2.12351e-15
0.483322 7.19453e-15 6.32723e-15 3.42051e-15 1.80852e-15
0.644429 4.97713e-15 4.82711e-15 2.6825e-15 1.43641e-15
0.805537 3.04766e-15 3.34191e-15 1.92197e-15 1.04548e-15
0.966644 1.60471e-15 2.02451e-15 1.21719e-15 6.75961e-16
1.12775 7.96801e-16 1.01051e-15 6.40701e-16 3.65892e-16
1.28886 7.07089e-16 4.04259e-16 2.51842e-16 1.47185e-16
1.44997 1.34481e-15 2.68174e-16 9.06375e-17 4.23522e-17
1.61107 2.64432e-15 6.16256e-16 1.73679e-16 6.21832e-17
1.77218 4.47187e-15 1.41268e-15 4.9242e-16 2.04637e-16
1.93329 6.63935e-15 2.57547e-15 1.01405e-15 4.55051e-16
2.0944 8.92367e-15 3.98494e-15 1.68489e-15 7.87651e-16
2.2555 1.10897e-14 5.49602e-15 2.43588e-15 1.1682e-15
2.41661 1.29145e-14 6.95319e-15 3.18972e-15 1.55754e-15
2.57772 1.42103e-14 8.20645e-15 3.86884e-15 1.91558e-15
2.73882 1.48437e-14 9.12681e-15 4.40332e-15 2.20549e-15
2.89993 1.47494e-14 9.61955e-15 4.73815e-15 2.39741e-15
3.06104 1.39373e-14 9.63395e-15 4.83888e-15 2.47159e-15
3.22215 1.24908e-14 9.16852e-15 4.69513e-15 2.42041e-15
3.38325 1.05589e-14 8.27117e-15 4.3217e-15 2.24912e-15
3.54436 8.3404e-15 7.03426e-15 3.75702e-15 1.97536e-15
3.70547 6.06367e-15 5.58511e-15 3.05922e-15 1.62731e-15
3.86658 3.96304e-15 4.07286e-15 2.30012e-15 1.24078e-15
4.02768 2.2547e-15 2.65318e-15 1.55785e-15 8.55566e-16
4.18879 1.11451e-15 1.47218e-15 9.0881e-16 5.11315e-16
4.3499 6.59811e-16 6.5143e-16 4.19804e-16 2.43458e-16
4.511 9.3741e-16 2.75395e-16 1.41164e-16 7.9566e-17
4.67211 1.91873e-15 3.82784e-16 1.0157e-16 3.65075e-17
4.83322 3.50277e-15 9.62543e-16 3.05097e-16 1.18714e-16
4.99433 5.52649e-15 1.955e-15 7.30796e-16 3.17725e-16
5.15543 7.7816e-15 3.258e-15 1.33485e-15 6.13057e-16
5.31654 1.0036e-14 4.73744e-15 2.05509e-15 9.74311e-16
5.47765 1.20576e-14 6.24104e-15 2.81738e-15 1.36431e-15
5.63876 1.36383e-14 7.61403e-15 3.54326e-15 1.7429e-15
5.79986 1.46156e-14 8.7151e-15 4.15802e-15 2.07112e-15
5.96097 1.48887e-14 9.43092e-15 4.59838e-15 2.3152e-15
6.12208 1.44295e-14 9.68782e-15 4.81902e-15 2.45e-15
6.28319 1.32854e-14 9.45934e-15 4.79722e-15 2.46165e-15


0 7.77452e-15 4.97215e-15 2.46364e-15 1.25354e-15
0.161107 7.77452e-15 4.97215e-15 2.46364e-15 1.25354e-15
0.322215 7.77452e-15 4.97215e-15 2.46364e-15 1.25354e-15
0.483322 7.77452e-15 4.97215e-15 2.46364e-15 1.25354e-15
0.644429 7.77452e-15 4.97215e-15 2.46364e-15 1.25354e-15
0.805537 7.77452e-15 4.97215e-15 2.46364e-15 1.25354e-15
0.966644 7.77452e-15 4.97215e-15 2.46364e-15 1.25354e-15
1.12775 7.77452e-15 4.97215e-15 2.46364e-15 1.25354e-15
1.28886 7.77452e-15 4.97215e-15 2.46364e-15 1.25354e-15
1.44997 7.77452e-15 4.97215e-15 2.46364e-15 1.25354e-15
1.61107 7.77452e-15 4.97215e-15 2.46364e-15 1.25354e-15
1.77218 7.77452e-15 4.97215e-15 2.46364e-15 1.25354e-15
1.93329 7.77452e-15 4.97215e-15 2.46364e-15 1.25354e-15
2.0944 7.77452e-15 4.97215e-15 2.46364e-15 1.25354e-15
2.2555 7.77452e-15 4.97215e-15 2.46364e-15 1.25354e-15
2.41661 7.77452e-15 4.97215e-15 2.46364e-15 1.25354e-15
2.57772 7.77452e-15 4.97215e-15 2.46364e-15 1.25354e-15
2.73882 7.77452e-15 4.97215e-15 2.46364e-15 1.25354e-15
2.89993 7.77452e-15 4.97215e-15 2.46364e-15 1.25354e-15
3.06104 7.77452e-15 4.97215e-15 2.46364e-15 1.25354e-15
3.22215 7.77452e-15 4.97215e-15 2.46364e-15 1.25354e-15
3.38325 7.77452e-15 4.97215e-15 2.46364e-15 1.25354e-15
3.54436 7.77452e-15 4.97215e-15 2.46364e-15 1.25354e-15
3.70547 7.77452e-15 4.97215e-15 2.46364e-15 1.25354e-15
3.86658 7.77452e-15 4.97215e-15 2.46364e-15 1.25354e-15
4.02768 7.77452e-15 4.97215e-15 2.46364e-15 1.25354e-15
4.18879 7.77452e-15 4.97215e-15 2.46364e-15 1.25354e-15
4.3499 7.77452e-15 4.97215e-15 2.46364e-15 1.25354e-15
4.511 7.77452e-15 4.97215e-15 2.46364e-15 1.25354e-15
4.67211 7.77452e-15 4.97215e-15 2.46364e-15 1.25354e-15
4.83322 7.77452e-15 4.97215e-15 2.46364e-15 1.25354e-15
4.99433 7.77452e-15 4.97215e-15 2.46364e-15 1.25354e-15
5.15543 7.77452e-15 4.97215e-15 2.46364e-15 1.25354e-15
5.31654 7.77452e-15 4.97215e-15 2.46364e-15 1.25354e-15
5.47765 7.77452e-15 4.97215e-15 2.46364e-15 1.25354e-15
5.63876 7.77452e-15 4.97215e-15 2.46364e-15 1.25354e-15
5.79986 7.77452e-15 4.97215e-15 2.46364e-15 1.25354e-15
5.96097 7.77452e-15 4.97215e-15 2.46364e-15 1.25354e-15
6.12208 7.77452e-15 4.97215e-15 2.46364e-15 1.25354e-15
6.28319 7.77452e-15 4.97215e-15 2.46364e-15 1.25354e-15


0 1.27843e-14 7.94112e-15 3.85446e-15 1.93736e-15
0.161107 1.26851e-14 8.2691e-15 4.08143e-15 2.0682e-15
0.322215 1.20806e-14 8.25773e-15 4.14188e-15 2.11518e-15
0.483322 1.10328e-14 7.90819e-15 4.02959e-15 2.07347e-15
0.644429 9.64966e-15 7.25645e-15 3.75613e-15 1.94737e-15
0.805537 8.07352e-15 6.3696e-15 3.34963e-15 1.74986e-15
0.966644 6.4666e-15 5.33891e-15 2.85194e-15 1.50126e-15
1.12775 4.9943e-15 4.27047e-15 2.31428e-15 1.22717e-15
1.28886 3.80817e-15 3.27426e-15 1.792e-15 9.55786e-16
1.44997 3.03028e-15 2.4528e-15 1.33885e-15 7.15051e-16
1.61107 2.7407e-15 1.89065e-15 1.00146e-15 5.29741e-16
1.77218 2.96924e-15 1.64568e-15 8.1458e-16 4.1893e-16
1.93329 3.69237e-15 1.74309e-15 7.97428e-16 3.94022e-16
2.0944 4.83566e-15 2.17285e-15 9.51775e-16 4.57582e-16
2.2555 6.28145e-15 2.89074e-15 1.26173e-15 6.03067e-16
2.41661 7.88091e-15 3.82287e-15 1.6954e-15 8.15503e-16
2.57772 9.46942e-15 4.87329e-15 2.20814e-15 1.07302e-15
2.73882 1.08835e-14 5.93388e-15 2.74718e-15 1.34913e-15
2.89993 1.19775e-14 6.89549e-15 3.25703e-15 1.61539e-15
3.06104 1.2639e-14 7.65913e-15 3.68522e-15 1.84441e-15
3.22215 1.27998e-14 8.14621e-15 3.98768e-15 2.01261e-15
3.38325 1.24433e-14 8.30659e-15 4.13327e-15 2.10268e-15
3.54436 1.16063e-14 8.12377e-15 4.10702e-15 2.10535e-15
3.70547 1.03749e-14 7.61657e-15 3.91161e-15 2.02035e-15
3.86658 8.87585e-15 6.83718e-15 3.56717e-15 1.85642e-15
4.02768 7.26344e-15 5.86583e-15 3.10914e-15 1.63044e-15
4.18879 5.70363e-15 4.80249e-15 2.58468e-15 1.36567e-15
4.3499 4.35698e-15 3.75662e-15 2.04776e-15 1.08935e-15
4.511 3.36208e-15 2.83586e-15 1.55364e-15 8.29933e-16
4.67211 2.82135e-15 2.13499e-15 1.15318e-15 6.14116e-16
4.83322 2.79043e-15 1.72613e-15 8.87613e-16 4.64113e-16
4.99433 3.2725e-15 1.65138e-15 7.84257e-16 3.95363e-16
5.15543 4.21796e-15 1.91842e-15 8.53754e-16 4.14942e-16
5.31654 5.52948e-15 2.49978e-15 1.08895e-15 5.20836e-16
5.47765 7.07208e-15 3.33561e-15 1.46564e-15 7.02144e-16
5.63876 8.68698e-15 4.33989e-15 1.94506e-15 9.40206e-16
5.79986 1.0208e-14 5.40924e-15 2.47784e-15 1.21052e-15
5.96097 1.14785e-14 6.43361e-15 3.00917e-15 1.48526e-15
6.12208 1.23678e-14 7.30755e-15 3.48435e-15 1.73615e-15
6.28319 1.27843e-14 7.94112e-15 3.85446e-15 1.93736e-15


0 1.32854e-14 9.45934e-15 4.79722e-15 2.46165e-15
0.161107 1.1574e-14 8.76901e-15 4.53524e-15 2.34895e-15
0.322215 9.47162e-15 7.68788e-15 4.06003e-15 2.12351e-15
0.483322 7.19453e-15 6.32723e-15 3.42051e-15 1.80852e-15
0.644429 4.97713e-15 4.82711e-15 2.6825e-15 1.43641e-15
0.805537 3.04766e-15 3.34191e-15 1.92197e-15 1.04548e-15
0.966644 1.60471e-15 2.02451e-15 1.21719e-15 6.75961e-16
1.12775 7.96801e-16 1.01051e-15 6.40701e-16 3.65892e-16
1.28886 7.07089e-16 4.04259e-16 2.51842e-16 1.47185e-16
1.44997 1.34481e-15 2.68174e-16 9.06375e-17 4.23522e-17
1.61107 2.64432e-15 6.16256e-16 1.73679e-16 6.21832e-17
1.77218 4.47187e-15 1.41268e-15 4.9242e-16 2.04637e-16
1.93329 6.63935e-15 2.57547e-15 1.01405e-15 4.55051e-16
2.0944 8.92367e-15 3.98494e-15 1.68489e-15 7.87651e-16
2.2555 1.10897e-14 5.49602e-15 2.43588e-15 1.1682e-15
2.41661 1.29145e-14 6.95319e-15 3.18972e-15 1.55754e-15
2.57772 1.42103e-14 8.20645e-15 3.86884e-15 1.91558e-15
2.73882 1.48437e-14 9.12681e-15 4.40332e-15 2.20549e-15
2.89993 1.47494e-14 9.61955e-15 4.73815e-15 2.39741e-15
3.06104 1.39373e-14 9.63395e-15 4.83888e-15 2.47159e-15
3.22215 1.24908e-14 9.16852e-15 4.69513e-15 2.42041e-15
3.38325 1.05589e-14 8.27117e-15 4.3217e-15 2.24912e-15
3.54436 8.3404e-15 7.03426e-15 3.75702e-15 1.97536e-15
3.70547 6.06367e-15 5.58511e-15 3.05922e-15 1.62731e-15
3.86658 3.96304e-15 4.07286e-15 2.30012e-15 1.24078e-15
4.02768 2.2547e-15 2.65318e-15 1.55785e-15 8.55566e-16
4.18879 1.11451e-15 1.47218e-15 9.0881e-16 5.11315e-16
4.3499 6.59811e-16 6.5143e-16 4.19804e-16 2.43458e-16
4.511 9.3741e-16 2.75395e-16 1.41164e-16 7.9566e-17
4.67211 1.91873e-15 3.82784e-16 1.0157e-16 3.65075e-17
4.83322 3.50277e-15 9.62543e-16 3.05097e-16 1.18714e-16
4.99433 5.52649e-15 1.955e-15 7.30796e-16 3.17725e-16
5.15543 7.7816e-15 3.258e-15 1.33485e-15 6.13057e-16
5.31654 1.0036e-14 4.73744e-15 2.05509e-15 9.74311e-16
5.47765 1.20576e-14 6.24104e-15 2.81738e-15 1.36431e-15
5.63876 1.36383e-14 7.61403e-15 3.54326e-15 1.7429e-15
5.79986 1.46156e-14 8.7151e-15 4.15802e-15 2.07112e-15
5.96097 1.48887e-14 9.43092e-15 4.59838e-15 2.3152e-15
6.12208 1.44295e-14 9.68782e-15 4.81902e-15 2.45e-15
6.28319 1.32854e-14 9.45934e-15 4.79722e-15 2.46165e-15


