0 3.75968e-15 1.7031e-15 7.63552e-16 3.73392e-16
0.161107 5.00645e-15 2.20603e-15 9.54415e-16 4.55494e-16
0.322215 6.53813e-15 2.99366e-15 1.30062e-15 6.19737e-16
0.483322 8.19706e-15 3.98494e-15 1.76653e-15 8.49215e-16
0.644429 9.81251e-15 5.07783e-15 2.30419e-15 1.12031e-15
0.805537 1.12182e-14 6.15984e-15 2.85826e-15 1.40511e-15
0.966644 1.22694e-14 7.1196e-15 3.37172e-15 1.67432e-15
1.12775 1.2858e-14 7.85834e-15 3.79171e-15 1.90022e-15
1.28886 1.29234e-14 8.30001e-15 4.075e-15 2.05955e-15
1.44997 1.24588e-14 8.39915e-15 4.19245e-15 2.13592e-15
1.61107 1.1512e-14 8.14556e-15 4.13195e-15 2.12148e-15
1.77218 1.01806e-14 7.56535e-15 3.89973e-15 2.01769e-15
1.93329 8.60153e-15 6.71822e-15 3.51971e-15 1.83526e-15
2.0944 6.93733e-15 5.69137e-15 3.03098e-15 1.59295e-15
2.2555 5.3593e-15 4.5905e-15 2.48387e-15 1.31571e-15
2.41661 4.02986e-15 3.52891e-15 1.93466e-15 1.03206e-15
2.57772 3.08585e-15 2.61587e-15 1.43991e-15 7.71216e-16
2.73882 2.62443e-15 1.94535e-15 1.05052e-15 5.60012e-16
2.89993 2.69309e-15 1.58638e-15 8.06586e-16 4.20191e-16
3.06104 3.28477e-15 1.57589e-15 7.33204e-16 3.66144e-16
3.22215 4.33857e-15 1.91497e-15 8.37931e-16 4.03434e-16
3.38325 5.74602e-15 2.56872e-15 1.10999e-15 5.28223e-16
3.54436 7.36226e-15 3.46985e-15 1.52137e-15 7.27666e-16
3.70547 9.02093e-15 4.5256e-15 2.02974e-15 9.81235e-16
3.86658 1.05513e-14 5.62732e-15 2.58277e-15 1.26283e-15
4.02768 1.17959e-14 6.6616e-15 3.12354e-15 1.54347e-15
4.18879 1.26265e-14 7.52199e-15 3.59638e-15 1.79427e-15
4.3499 1.29578e-14 8.11994e-15 3.95264e-15 1.98941e-15
4.511 1.27556e-14 8.39389e-15 4.15563e-15 2.10881e-15
4.67211 1.20406e-14 8.31566e-15 4.18448e-15 2.14018e-15
4.83322 1.08866e-14 7.89328e-15 4.0362e-15 2.08029e-15
4.99433 9.41228e-15 7.17025e-15 3.72607e-15 1.93531e-15
5.15543 7.76936e-15 6.22097e-15 3.286e-15 1.72015e-15
5.31654 6.12698e-15 5.14315e-15 2.76128e-15 1.45696e-15
5.47765 4.65418e-15 4.04773e-15 2.20593e-15 1.17284e-15
5.63876 3.50254e-15 3.04747e-15 1.6771e-15 8.97023e-16
5.79986 2.7906e-15 2.2453e-15 1.22923e-15 6.57901e-16
5.96097 2.59165e-15 1.7238e-15 9.08415e-16 4.80086e-16
6.12208 2.92615e-15 1.53665e-15 7.47674e-16 3.8188e-16
6.28319 3.75968e-15 1.7031e-15 7.63552e-16 3.73392e-16


